2.882469985565328230e+01 6.502492530573584872e+01 -6.582261518288358104e+01 -6.130168125060187378e+01
2.882469985565328230e+01 6.502492530573584872e+01 -6.130168125060187378e+01 -5.805586267236621723e+01
2.882469985565328230e+01 6.502492530573584872e+01 -5.805586267236621723e+01 -5.519984082749630971e+01
2.882469985565328230e+01 6.502492530573584872e+01 -5.519984082749630971e+01 -5.263903479251171547e+01
2.882469985565328230e+01 6.502492530573584872e+01 -5.263903479251171547e+01 -5.012600062011363633e+01
2.882469985565328230e+01 6.502492530573584872e+01 -5.012600062011363633e+01 -4.722944977268202393e+01
2.882469985565328230e+01 6.502492530573584872e+01 -4.722944977268202393e+01 -4.439123019855100694e+01
2.882469985565328230e+01 6.502492530573584872e+01 -4.439123019855100694e+01 -4.203736136206396878e+01
2.882469985565328230e+01 6.502492530573584872e+01 -4.203736136206396878e+01 -1.225979794816126400e+00
2.882469985565328230e+01 6.502492530573584872e+01 -1.225979794816126400e+00 2.518241441854129903e+00
6.502492530573584872e+01 9.028959628011307359e+01 -6.583316069251019087e+01 -6.080528283786941302e+01
6.502492530573584872e+01 9.028959628011307359e+01 -6.080528283786941302e+01 -5.707575924778009124e+01
6.502492530573584872e+01 9.028959628011307359e+01 -5.707575924778009124e+01 -5.378302792275202648e+01
6.502492530573584872e+01 9.028959628011307359e+01 -5.378302792275202648e+01 -5.066092827370687957e+01
6.502492530573584872e+01 9.028959628011307359e+01 -5.066092827370687957e+01 -4.756035552436406988e+01
6.502492530573584872e+01 9.028959628011307359e+01 -4.756035552436406988e+01 -4.427489323194124182e+01
6.502492530573584872e+01 9.028959628011307359e+01 -4.427489323194124182e+01 -4.164981053158131630e+01
6.502492530573584872e+01 9.028959628011307359e+01 -4.164981053158131630e+01 -1.893959521620558917e+00
6.502492530573584872e+01 9.028959628011307359e+01 -1.893959521620558917e+00 7.626025555111937138e-02
6.502492530573584872e+01 9.028959628011307359e+01 7.626025555111937138e-02 3.383786897967155483e+00
9.028959628011307359e+01 1.027286937359700687e+02 -6.529936825099794362e+01 -5.687033784075641307e+01
9.028959628011307359e+01 1.027286937359700687e+02 -5.687033784075641307e+01 -5.054288776314932363e+01
9.028959628011307359e+01 1.027286937359700687e+02 -5.054288776314932363e+01 -4.486134438153774084e+01
9.028959628011307359e+01 1.027286937359700687e+02 -4.486134438153774084e+01 -3.839515249928318497e+01
9.028959628011307359e+01 1.027286937359700687e+02 -3.839515249928318497e+01 -3.379767019345550239e+01
9.028959628011307359e+01 1.027286937359700687e+02 -3.379767019345550239e+01 -2.864257096204983810e+01
9.028959628011307359e+01 1.027286937359700687e+02 -2.864257096204983810e+01 -1.904230163027845890e+01
9.028959628011307359e+01 1.027286937359700687e+02 -1.904230163027845890e+01 -2.898343279970291064e+00
9.028959628011307359e+01 1.027286937359700687e+02 -2.898343279970291064e+00 8.962442683004354649e-01
9.028959628011307359e+01 1.027286937359700687e+02 8.962442683004354649e-01 5.348356204421079951e+00
1.027286937359700687e+02 1.122225823787405687e+02 -6.529763702822552318e+01 -5.455606177228873577e+01
1.027286937359700687e+02 1.122225823787405687e+02 -5.455606177228873577e+01 -4.695039416356443951e+01
1.027286937359700687e+02 1.122225823787405687e+02 -4.695039416356443951e+01 -4.011870267628837183e+01
1.027286937359700687e+02 1.122225823787405687e+02 -4.011870267628837183e+01 -3.403271984717744658e+01
1.027286937359700687e+02 1.122225823787405687e+02 -3.403271984717744658e+01 -2.823484221140202521e+01
1.027286937359700687e+02 1.122225823787405687e+02 -2.823484221140202521e+01 -2.284039187026773732e+01
1.027286937359700687e+02 1.122225823787405687e+02 -2.284039187026773732e+01 -1.776366167368556148e+01
1.027286937359700687e+02 1.122225823787405687e+02 -1.776366167368556148e+01 -5.305388330326081814e+00
1.027286937359700687e+02 1.122225823787405687e+02 -5.305388330326081814e+00 -2.283340288977058208e-01
1.027286937359700687e+02 1.122225823787405687e+02 -2.283340288977058208e-01 5.349775770322153789e+00
1.122225823787405687e+02 1.207404696983533938e+02 -6.552814643757113799e+01 -5.187916949208477035e+01
1.122225823787405687e+02 1.207404696983533938e+02 -5.187916949208477035e+01 -4.339988256070108008e+01
1.122225823787405687e+02 1.207404696983533938e+02 -4.339988256070108008e+01 -3.629095114552553270e+01
1.122225823787405687e+02 1.207404696983533938e+02 -3.629095114552553270e+01 -2.984537867736993633e+01
1.122225823787405687e+02 1.207404696983533938e+02 -2.984537867736993633e+01 -2.382247463153747447e+01
1.122225823787405687e+02 1.207404696983533938e+02 -2.382247463153747447e+01 -1.806068630575879297e+01
1.122225823787405687e+02 1.207404696983533938e+02 -1.806068630575879297e+01 -1.240339579229913625e+01
1.122225823787405687e+02 1.207404696983533938e+02 -1.240339579229913625e+01 -6.239909831633369208e+00
1.122225823787405687e+02 1.207404696983533938e+02 -6.239909831633369208e+00 -7.987778076496425683e-01
1.122225823787405687e+02 1.207404696983533938e+02 -7.987778076496425683e-01 5.345449939200179301e+00
1.207404696983533938e+02 1.290905002749940422e+02 -6.549037493998017112e+01 -5.390670532476158883e+01
1.207404696983533938e+02 1.290905002749940422e+02 -5.390670532476158883e+01 -4.525623189007813352e+01
1.207404696983533938e+02 1.290905002749940422e+02 -4.525623189007813352e+01 -3.790532049060031028e+01
1.207404696983533938e+02 1.290905002749940422e+02 -3.790532049060031028e+01 -3.118982330212391219e+01
1.207404696983533938e+02 1.290905002749940422e+02 -3.118982330212391219e+01 -2.472932442117092933e+01
1.207404696983533938e+02 1.290905002749940422e+02 -2.472932442117092933e+01 -1.875068683373550016e+01
1.207404696983533938e+02 1.290905002749940422e+02 -1.875068683373550016e+01 -1.293790394308601321e+01
1.207404696983533938e+02 1.290905002749940422e+02 -1.293790394308601321e+01 -6.777465472213208386e+00
1.207404696983533938e+02 1.290905002749940422e+02 -6.777465472213208386e+00 -1.061726661738958910e+00
1.207404696983533938e+02 1.290905002749940422e+02 -1.061726661738958910e+00 5.411104347446936913e+00
1.290905002749940422e+02 1.386483754407786932e+02 -6.531120395192768058e+01 -5.492120415550241574e+01
1.290905002749940422e+02 1.386483754407786932e+02 -5.492120415550241574e+01 -4.713545821162430371e+01
1.290905002749940422e+02 1.386483754407786932e+02 -4.713545821162430371e+01 -4.042339470926345513e+01
1.290905002749940422e+02 1.386483754407786932e+02 -4.042339470926345513e+01 -3.394234895972718391e+01
1.290905002749940422e+02 1.386483754407786932e+02 -3.394234895972718391e+01 -2.808352223287233329e+01
1.290905002749940422e+02 1.386483754407786932e+02 -2.808352223287233329e+01 -2.260038945938853772e+01
1.290905002749940422e+02 1.386483754407786932e+02 -2.260038945938853772e+01 -1.729454723255173576e+01
1.290905002749940422e+02 1.386483754407786932e+02 -1.729454723255173576e+01 -1.190427722625688034e+01
1.290905002749940422e+02 1.386483754407786932e+02 -1.190427722625688034e+01 -4.985813983918930603e+00
1.290905002749940422e+02 1.386483754407786932e+02 -4.985813983918930603e+00 5.331068057194812582e+00
1.386483754407786932e+02 1.505464156671289970e+02 -6.784214605399955644e+01 -5.683952764407708713e+01
1.386483754407786932e+02 1.505464156671289970e+02 -5.683952764407708713e+01 -5.003491005774020550e+01
1.386483754407786932e+02 1.505464156671289970e+02 -5.003491005774020550e+01 -4.423024449076747544e+01
1.386483754407786932e+02 1.505464156671289970e+02 -4.423024449076747544e+01 -3.879133432374618451e+01
1.386483754407786932e+02 1.505464156671289970e+02 -3.879133432374618451e+01 -3.373133346478329742e+01
1.386483754407786932e+02 1.505464156671289970e+02 -3.373133346478329742e+01 -2.910663884030759618e+01
1.386483754407786932e+02 1.505464156671289970e+02 -2.910663884030759618e+01 -2.474343688423175536e+01
1.386483754407786932e+02 1.505464156671289970e+02 -2.474343688423175536e+01 -2.022744796532880684e+01
1.386483754407786932e+02 1.505464156671289970e+02 -2.022744796532880684e+01 -1.593767942088898337e+01
1.386483754407786932e+02 1.505464156671289970e+02 -1.593767942088898337e+01 -9.448872873291549013e+00
1.505464156671289970e+02 1.657753047361105416e+02 -5.800660636846671991e+01 -5.231264345195258869e+01
1.505464156671289970e+02 1.657753047361105416e+02 -5.231264345195258869e+01 -4.742714726535594849e+01
1.505464156671289970e+02 1.657753047361105416e+02 -4.742714726535594849e+01 -4.294481971214003124e+01
1.505464156671289970e+02 1.657753047361105416e+02 -4.294481971214003124e+01 -3.868167454750527412e+01
1.505464156671289970e+02 1.657753047361105416e+02 -3.868167454750527412e+01 -3.478668411960377682e+01
1.505464156671289970e+02 1.657753047361105416e+02 -3.478668411960377682e+01 -3.102344787492649658e+01
1.505464156671289970e+02 1.657753047361105416e+02 -3.102344787492649658e+01 -2.739418499776112981e+01
1.505464156671289970e+02 1.657753047361105416e+02 -2.739418499776112981e+01 -2.390869467032750606e+01
1.505464156671289970e+02 1.657753047361105416e+02 -2.390869467032750606e+01 -2.051122823785254923e+01
1.505464156671289970e+02 1.657753047361105416e+02 -2.051122823785254923e+01 -1.366453511938046006e+01
1.657753047361105416e+02 1.893395192239518110e+02 -5.800654675205158384e+01 -5.363202191122061890e+01
1.657753047361105416e+02 1.893395192239518110e+02 -5.363202191122061890e+01 -4.924058907478327995e+01
1.657753047361105416e+02 1.893395192239518110e+02 -4.924058907478327995e+01 -4.567204169673968295e+01
1.657753047361105416e+02 1.893395192239518110e+02 -4.567204169673968295e+01 -4.208902583973185330e+01
1.657753047361105416e+02 1.893395192239518110e+02 -4.208902583973185330e+01 -3.847148105485154446e+01
1.657753047361105416e+02 1.893395192239518110e+02 -3.847148105485154446e+01 -3.456854214840055306e+01
1.657753047361105416e+02 1.893395192239518110e+02 -3.456854214840055306e+01 -3.066091958767886183e+01
1.657753047361105416e+02 1.893395192239518110e+02 -3.066091958767886183e+01 -2.686247092238416911e+01
1.657753047361105416e+02 1.893395192239518110e+02 -2.686247092238416911e+01 -2.291053797593450270e+01
1.657753047361105416e+02 1.893395192239518110e+02 -2.291053797593450270e+01 -1.755543486111476170e+01
